
     Value-Weight Dollar Returns      All 4 Data Items Not Reqd
                -- BE/ME --   --- E/P ---   --- CE/P --   ------  Yld  -----
          Mkt   High    Low   High    Low   High    Low   High    Low   Zero
199401 -16.18 -16.25 -18.33 -16.60 -21.61 -15.87 -20.91 -17.53 -18.45 -18.23
199402   6.16  14.08   7.09   9.12  18.60   7.09  16.24  10.91  11.43  19.99
199403 -15.30 -22.46 -14.83 -12.01 -23.34 -11.64 -23.57 -13.67 -22.92 -18.24
199404   9.79  10.11   9.92  10.63   8.87  11.97   8.77   9.72  13.25  -0.85
199405  -3.62  -5.39  -2.74  -2.77 -11.80  -2.16  -9.96  -2.51 -10.54  -8.84
199406   1.21   2.44  -0.29  -1.04   1.69   0.05   2.19   0.09  -2.29   2.22
199407   3.77   7.32   5.97   5.07   7.56   4.31   7.85   3.85   7.32   5.02
199408  12.08  13.54  12.12  12.42  17.82  11.85  18.05  11.44  15.49  16.62
199409  -0.10   2.57   1.77   0.90   4.53   0.47   5.14   0.02   6.38  -0.67
199410  -1.46  -1.79  -2.17  -1.06  -7.15  -0.98  -6.66  -0.70  -7.06  -7.71
199411  -8.81  -6.80  -8.76  -4.72 -10.45  -3.53  -8.38  -4.43 -12.18 -11.43
199412  -3.53  -2.48  -2.71  -1.40  -5.34  -1.01  -5.29  -1.15  -7.11  -6.47
199501 -11.03 -14.54 -11.29 -10.67 -16.51  -6.62 -16.31 -10.48 -13.24 -16.15
199502  14.26  20.12  15.11  11.42  21.46   8.83  23.06  11.94  22.68  25.06
199503   0.52   0.13   0.82   2.03  -2.52   0.82  -1.55   1.16   1.82  -8.57
199504  -1.67  -4.21  -2.84   1.10  -7.06   1.43  -6.12  -0.31  -5.29  -6.58
199505  12.09  11.55  17.30   7.28  11.59   5.05  12.05  10.29  12.94  16.65
199506  -1.51   0.10  -3.67   0.98  -3.77  -0.16  -3.41   0.89  -3.50  -7.13
199507   2.39   3.77   3.83   2.78   2.95  -0.73   4.45   2.27   4.76   0.71
199508  -5.38  -4.79  -5.82  -4.76  -6.46  -4.43  -5.83  -3.99  -7.45  -4.85
199509  -2.07  -3.84  -4.05  -2.80  -1.76   1.88  -2.53  -1.21  -5.36   1.29
199510  -5.16  -8.53  -3.26  -3.69 -10.10  -3.85  -9.25  -4.90  -6.64  -8.18
199511  -0.02   0.18  -1.94  -1.49   0.60   1.11   0.73   0.58  -1.21   6.36
199512   5.25   6.24   4.97   5.78   5.60   5.78   3.97   6.09   2.55   4.31
199601   4.42   5.88   4.80   5.65   5.75   5.98   4.78   1.97   4.58   9.15
199602   3.46   1.76   3.78   3.16   2.61   2.12   3.02   3.60   3.70   1.31
199603   6.27   4.39   7.34   7.81   2.70   5.76   3.35   7.33   5.49   5.45
199604   5.18   9.09   4.05   8.47   6.04   9.69   5.23   6.48   3.90   4.99
199605  -3.86  -7.30  -3.54  -4.33  -4.33  -4.20  -4.76  -4.01  -3.56  -4.25
199606  -0.03  -0.31   0.69   0.49   0.80   1.01  -0.80   1.30  -0.89   0.18
199607  -6.13  -4.43  -7.94  -4.71  -6.70  -3.17  -8.39  -2.49  -7.80  -8.99
199608   5.19   4.51   7.36   5.74   7.02   5.03   7.30   7.35   4.42  -0.64
199609   1.65  -1.01   2.14   1.74   2.13  -1.34   2.42  -0.38   1.88   1.53
199610   2.05   0.41   0.24   1.28   0.82   3.06   0.48   2.81   2.52  -7.19
199611   4.04   3.26   1.88   5.38   5.44   1.25   2.13   3.54   5.98  -3.06
199612   0.60  -0.88   1.51  -0.25   2.23  -0.15  -3.13   1.72   1.48  -3.13
199701   1.57   6.86   0.78   4.35   1.46   2.29   3.28   3.65  -0.08   8.85
199702   4.94  10.66   3.64   9.04   4.59   6.42   5.06   6.47   3.75  13.65
199703  -5.40  -7.56  -5.63  -6.32  -4.80  -3.12  -7.08  -7.23  -4.94  -9.96
199704 -11.49 -11.34 -11.92 -11.15 -10.64 -10.20 -14.22  -7.19 -13.20 -13.47
199705   1.68   0.15   1.50   2.05   2.07  -1.25   2.17   2.30   2.07   3.57
199706  -2.75  -0.61  -3.49  -3.33  -0.97  -0.17  -4.90  -0.18  -2.90  -8.17
199707  -8.94  -6.32  -6.09  -7.66  -9.41  -6.35  -5.85  -3.36 -12.14  -8.65
199708 -29.34 -29.11 -31.72 -34.00 -29.67 -32.45 -30.43 -26.48 -30.11 -33.19
199709  -6.22  -3.41  -8.26  -3.54 -12.39  -0.22  -9.59  -0.94  -9.91   6.95
199710 -19.05 -21.36 -18.71 -21.90 -21.45 -19.22 -21.25 -11.95 -20.70 -21.06
199711 -21.97 -22.16 -23.89 -23.11 -28.03 -23.06 -33.02 -13.79 -25.54 -45.58
199712  -2.13 -14.03  -3.48 -19.33   0.42 -16.50 -10.66 -10.24  10.63 -37.81
199801 -10.60  -2.29  -9.61 -16.02  -7.29 -10.30  -9.69  -9.31 -13.09 -49.21
199802  48.37 116.54  35.15 106.53  29.59  87.82  33.47  75.04  45.53 146.96
199803  -2.37  -9.50  -1.09  -6.99  -0.34  -2.48  -1.06  -8.56  -1.50 -16.33
199804 -14.68 -27.55 -12.39 -20.76  -9.24 -20.43 -10.94 -20.85 -15.20 -24.96
199805 -16.27 -22.26 -14.71 -23.46 -15.75 -24.11 -16.90 -18.12 -17.00 -28.78
199806 -22.04 -23.90 -22.37 -23.20 -21.20 -19.05 -21.71 -21.20 -24.80 -20.56
199807 -10.36 -17.60  -9.17 -10.96  -3.87  -6.46  -6.46 -13.70 -11.57 -36.09
199808 -26.89 -19.64 -27.79 -24.76 -28.33 -30.68 -29.50 -23.43 -26.13 -10.74
199809  -5.32  20.69  -9.65  10.75 -15.67   0.57 -10.66  11.55  -4.34  77.21
199810   9.21  10.44   8.22   8.75   6.24   8.33   7.63   8.45  10.22  17.84
199811  24.02  40.00  19.95  39.80  18.84  39.04  18.09  31.02  20.88  14.92
199812  14.72  -0.26  21.60   4.01  15.21   2.22  22.46   8.05  23.02 -20.33
199901   2.98   4.75   1.29  13.30  10.26  11.54   6.31   5.34  -4.60   9.20
199902  -9.08 -16.24  -7.74 -10.85  -9.56 -10.44  -7.58  -6.62  -9.09 -16.34
199903   5.61  -5.24   6.47   7.74   9.98   7.00   5.40   5.98   4.94  -8.94
199904  34.77  55.86  31.72  35.54  37.61  38.05  23.50  29.59  42.58  48.76
199905  10.91  18.43   8.75  14.95   7.34  15.00   6.96   8.64  11.86  16.69
199906  24.90  53.31  18.97  24.95  25.87  26.13  20.65  21.12  23.02  57.30
199907  -4.39   5.26  -5.39  -6.62  -0.91  -5.92  -2.12  -7.66  -5.27  14.29
199908  11.04   8.43  13.35  12.96  15.80  12.26  12.67   6.54  10.10  10.86
199909 -12.38 -19.83  -9.59 -11.32 -10.19 -12.36 -12.38 -12.63 -11.95 -23.16
199910  11.15   7.33  10.59  11.49   9.41  14.62   8.13  11.29  12.72   9.69
199911  -1.25  -5.65  -0.32  -2.89  -0.81  -0.96  -1.81   0.42  -0.49  -7.73
199912   9.91   6.26  10.21   9.36   3.23  12.17   6.87  10.21  11.85   2.85
200001  13.91   9.44  16.31   0.97  16.87   6.62  14.16   4.20  18.24  22.54
200002   6.78  12.30   5.65   3.79   6.41   3.91   7.28   1.96   7.52  21.24
200003  -1.10  -0.61  -0.81   0.74  -1.47   0.96  -1.38  -0.38  -1.69  -0.92
200004  -7.64  -8.16  -7.86  -0.74  -7.92  -3.94 -11.99  -1.76  -8.29 -13.27
200005   1.32   0.91   2.69   1.44   3.36   1.01   1.80   5.75   2.70  -5.71
200006  -9.74 -14.10  -9.43  -4.71  -8.15  -5.63  -9.04  -6.08  -9.77 -20.27
200007  -4.11   1.75  -5.54  -0.65  -5.61   1.65  -9.18  -2.99  -5.48   3.31
200008  -0.51   0.07  -0.40  -0.82  -1.80   0.19  -4.72   0.39  -0.71  -2.57
200009 -11.15 -15.23 -10.00  -4.17  -9.46  -8.20 -11.55  -5.22 -11.09 -21.21
200010   5.59   1.89   6.61   5.05   6.40   7.11   7.24   3.54   8.28   0.09
200011  -2.87  -3.44  -1.47  -2.77  -2.56  -2.34  -0.13  -1.42  -2.18 -10.25
200012  -7.16 -14.06  -7.47  -5.81  -6.54  -6.28  -8.12  -4.36  -7.56 -22.79
200101   8.32  12.06   7.95   9.44   6.65   9.79   7.74   3.61   5.79  25.34
200102  -2.86  -9.02  -1.48  -5.00  -0.81  -4.41  -1.71  -1.72  -1.34 -15.29
200103  -8.95 -12.02  -9.02 -11.05  -8.75  -9.94  -7.47  -5.40  -8.69 -19.44
200104  -8.84   5.37 -12.62  -2.21 -14.33  -4.91 -12.60  -2.30 -16.63   4.06
200105  -1.36   4.61  -3.26   2.00  -5.03   1.58  -6.16   1.97  -6.70   3.12
200106   2.77  -1.40   2.91   1.88   3.89   0.32   3.24   4.11   5.50  -1.54
200107  11.47  13.54  10.15  19.83  12.24  18.59  11.46   5.93  15.63  25.78
200108   4.37  -0.71   5.42   2.92   5.31   4.89   5.10   2.60   5.22   0.44
200109 -10.55 -19.18  -9.23 -12.13 -10.35 -14.71  -8.39  -6.53 -12.20 -21.15
200110  -1.96   2.06  -2.79   0.02  -4.14   0.16  -5.50   1.34  -4.70   0.38

     Value-Weight Local  Returns      All 4 Data Items Not Reqd
                -- BE/ME --   --- E/P ---   --- CE/P --   ------  Yld  -----
          Mkt   High    Low   High    Low   High    Low   High    Low   Zero
199401 -13.82 -13.88 -16.03 -14.24 -19.39 -13.50 -18.68 -15.20 -16.15 -15.92
199402   4.55  12.35   5.46   7.47  16.80   5.47  14.48   9.23   9.74  18.17
199403 -16.97 -24.00 -16.52 -13.75 -24.86 -13.39 -25.08 -15.38 -24.45 -19.86
199404  10.00  10.31  10.12  10.84   9.07  12.18   8.97   9.93  13.46  -0.67
199405  -7.19  -8.89  -6.34  -6.37 -15.06  -5.78 -13.29  -6.11 -13.85 -12.21
199406   2.19   3.43   0.68  -0.08   2.68   1.02   3.18   1.06  -1.34   3.21
199407   3.17   6.70   5.36   4.47   6.94   3.70   7.23   3.26   6.70   4.42
199408  10.26  11.70  10.30  10.59  15.91  10.04  16.14   9.63  13.62  14.73
199409   0.41   3.10   2.29   1.41   5.07   0.98   5.68   0.54   6.92  -0.17
199410  -1.46  -1.79  -2.17  -1.06  -7.15  -0.98  -6.66  -0.70  -7.06  -7.71
199411  -8.81  -6.80  -8.76  -4.72 -10.45  -3.53  -8.38  -4.43 -12.18 -11.43
199412  -3.90  -2.86  -3.09  -1.78  -5.71  -1.40  -5.66  -1.54  -7.47  -6.83
199501 -10.68 -14.20 -10.94 -10.32 -16.18  -6.26 -15.99 -10.13 -12.90 -15.82
199502  13.82  19.65  14.66  10.98  20.99   8.40  22.58  11.51  22.20  24.57
199503  -0.27  -0.65   0.03   1.23  -3.28   0.03  -2.32   0.37   1.02  -9.28
199504  -3.96  -6.44  -5.11  -1.25  -9.22  -0.94  -8.31  -2.64  -7.50  -8.76
199505  11.86  11.33  17.07   7.06  11.36   4.83  11.83  10.07  12.71  16.42
199506  -2.63  -1.03  -4.76  -0.17  -4.86  -1.30  -4.51  -0.25  -4.59  -8.19
199507   3.19   4.58   4.64   3.58   3.76   0.04   5.27   3.06   5.58   1.49
199508  -3.95  -3.36  -4.40  -3.33  -5.05  -2.99  -4.41  -2.55  -6.05  -3.42
199509  -1.24  -3.03  -3.24  -1.98  -0.93   2.73  -1.71  -0.38  -4.56   2.14
199510  -4.18  -7.58  -2.26  -2.70  -9.17  -2.86  -8.31  -3.92  -5.68  -7.23
199511  -0.18   0.03  -2.10  -1.65   0.44   0.95   0.57   0.42  -1.36   6.19
199512   5.41   6.41   5.14   5.95   5.77   5.95   4.14   6.26   2.71   4.47
199601   5.20   6.67   5.58   6.44   6.54   6.78   5.56   2.73   5.36   9.97
199602   2.97   1.28   3.30   2.67   2.13   1.64   2.53   3.12   3.21   0.84
199603   5.68   3.82   6.75   7.22   2.13   5.17   2.78   6.74   4.91   4.87
199604   3.48   7.32   2.37   6.72   4.33   7.92   3.53   4.76   2.22   3.29
199605  -3.67  -7.11  -3.35  -4.14  -4.14  -4.01  -4.57  -3.82  -3.37  -4.05
199606  -0.15  -0.43   0.57   0.37   0.68   0.89  -0.92   1.18  -1.01   0.06
199607  -6.13  -4.43  -7.94  -4.71  -6.70  -3.17  -8.39  -2.49  -7.80  -8.99
199608   5.14   4.47   7.32   5.70   6.97   4.99   7.26   7.31   4.38  -0.68
199609   2.14  -0.53   2.63   2.23   2.62  -0.87   2.92   0.09   2.37   2.02
199610   2.91   1.25   1.08   2.13   1.66   3.92   1.32   3.67   3.37  -6.42
199611   4.04   3.26   1.88   5.38   5.44   1.25   2.13   3.54   5.98  -3.06
199612   0.56  -0.92   1.47  -0.29   2.19  -0.19  -3.17   1.68   1.44  -3.17
199701  -0.04   5.17  -0.82   2.70  -0.15   0.67   1.64   2.01  -1.67   7.13
199702   4.77  10.48   3.47   8.86   4.43   6.25   4.90   6.30   3.58  13.47
199703  -5.59  -7.75  -5.82  -6.51  -4.99  -3.32  -7.26  -7.41  -5.13 -10.14
199704 -10.42 -10.26 -10.85 -10.07  -9.56  -9.11 -13.18  -6.07 -12.15 -12.43
199705   1.80   0.27   1.62   2.17   2.19  -1.14   2.30   2.42   2.20   3.69
199706  -2.29  -0.13  -3.03  -2.87  -0.49   0.31  -4.45   0.30  -2.43  -7.74
199707  -4.82  -2.09  -1.85  -3.49  -5.31  -2.11  -1.60   1.01  -8.17  -4.52
199708 -22.00 -21.74 -24.62 -27.14 -22.36 -25.43 -23.20 -18.83 -22.85 -26.25
199709   4.57   7.71   2.30   7.56  -2.31  11.26   0.82  10.46   0.46  19.27
199710 -16.68 -19.05 -16.33 -19.61 -19.15 -16.85 -18.95  -9.37 -18.38 -18.75
199711 -18.45 -18.64 -20.45 -19.63 -24.78 -19.58 -29.99  -9.89 -22.17 -43.12
199712   9.06  -4.21   7.55 -10.11  11.89  -6.96  -0.45   0.02  23.27 -30.70
199801  -3.91   5.02  -2.85  -9.74  -0.36  -3.59  -2.94  -2.52  -6.59 -45.41
199802  30.41  90.33  18.79  81.54  13.91  65.09  17.32  53.86  27.91 117.07
199803  -3.30 -10.36  -2.03  -7.87  -1.29  -3.40  -2.00  -9.43  -2.44 -17.13
199804 -12.34 -25.56  -9.98 -18.58  -6.74 -18.25  -8.49 -18.67 -12.87 -22.90
199805 -14.03 -20.18 -12.43 -21.41 -13.50 -22.08 -14.68 -15.94 -14.78 -26.88
199806 -15.75 -17.76 -16.10 -17.00 -14.83 -12.52 -15.39 -14.84 -18.73 -14.14
199807 -11.01 -18.20  -9.83 -11.60  -4.56  -7.14  -7.13 -14.32 -12.21 -36.55
199808 -25.65 -18.28 -26.57 -23.48 -27.11 -29.50 -28.31 -22.13 -24.88  -9.22
199809  22.70  56.40  17.09  43.53   9.29  30.33  15.78  44.57  23.97 129.66
199810   9.21  10.44   8.22   8.75   6.24   8.33   7.63   8.45  10.22  17.84
199811  24.02  40.00  19.95  39.80  18.84  39.04  18.09  31.02  20.88  14.92
199812  14.72  -0.26  21.60   4.01  15.21   2.22  22.46   8.05  23.02 -20.33
199901   2.98   4.75   1.29  13.30  10.26  11.54   6.31   5.34  -4.60   9.20
199902  -9.08 -16.24  -7.74 -10.85  -9.56 -10.44  -7.58  -6.62  -9.09 -16.34
199903  -7.62 -17.10  -6.87  -5.75  -3.79  -6.40  -7.80  -7.29  -8.20 -20.34
199904  34.77  55.86  31.72  35.54  37.61  38.05  23.50  29.59  42.58  48.76
199905  10.91  18.43   8.75  14.95   7.34  15.00   6.96   8.64  11.86  16.69
199906  10.97  36.21   5.70  11.01  11.83  12.05   7.19   7.61   9.30  39.75
199907  -4.39   5.26  -5.39  -6.62  -0.91  -5.92  -2.12  -7.66  -5.27  14.29
199908  -0.01  -2.36   2.07   1.72   4.27   1.09   1.46  -4.07  -0.86  -0.17
199909 -12.38 -19.83  -9.59 -11.32 -10.19 -12.36 -12.38 -12.63 -11.95 -23.16
199910  11.15   7.33  10.59  11.49   9.41  14.62   8.13  11.29  12.72   9.69
199911  -1.25  -5.65  -0.32  -2.89  -0.81  -0.96  -1.81   0.42  -0.49  -7.73
199912   9.91   6.26  10.21   9.36   3.23  12.17   6.87  10.21  11.85   2.85
200001  13.91   9.44  16.31   0.97  16.87   6.62  14.16   4.20  18.24  22.54
200002   6.78  12.30   5.65   3.79   6.41   3.91   7.28   1.96   7.52  21.24
200003  -1.10  -0.61  -0.81   0.74  -1.47   0.96  -1.38  -0.38  -1.69  -0.92
200004  -7.64  -8.16  -7.86  -0.74  -7.92  -3.94 -11.99  -1.76  -8.29 -13.27
200005   1.32   0.91   2.69   1.44   3.36   1.01   1.80   5.75   2.70  -5.71
200006  -9.74 -14.10  -9.43  -4.71  -8.15  -5.63  -9.04  -6.08  -9.77 -20.27
200007  -4.11   1.75  -5.54  -0.65  -5.61   1.65  -9.18  -2.99  -5.48   3.31
200008  -0.51   0.07  -0.40  -0.82  -1.80   0.19  -4.72   0.39  -0.71  -2.57
200009 -11.15 -15.23 -10.00  -4.17  -9.46  -8.20 -11.55  -5.22 -11.09 -21.21
200010   5.59   1.89   6.61   5.05   6.40   7.11   7.24   3.54   8.28   0.09
200011  -2.87  -3.44  -1.47  -2.77  -2.56  -2.34  -0.13  -1.42  -2.18 -10.25
200012  -7.16 -14.06  -7.47  -5.81  -6.54  -6.28  -8.12  -4.36  -7.56 -22.79
200101   8.32  12.06   7.95   9.44   6.65   9.79   7.74   3.61   5.79  25.34
200102  -2.86  -9.02  -1.48  -5.00  -0.81  -4.41  -1.71  -1.72  -1.34 -15.29
200103  -8.95 -12.02  -9.02 -11.05  -8.75  -9.94  -7.47  -5.40  -8.69 -19.44
200104  -8.84   5.37 -12.62  -2.21 -14.33  -4.91 -12.60  -2.30 -16.63   4.06
200105  -1.36   4.61  -3.26   2.00  -5.03   1.58  -6.16   1.97  -6.70   3.12
200106   2.77  -1.40   2.91   1.88   3.89   0.32   3.24   4.11   5.50  -1.54
200107  11.47  13.54  10.15  19.83  12.24  18.59  11.46   5.93  15.63  25.78
200108   4.37  -0.71   5.42   2.92   5.31   4.89   5.10   2.60   5.22   0.44
200109 -10.55 -19.18  -9.23 -12.13 -10.35 -14.71  -8.39  -6.53 -12.20 -21.15
200110  -1.96   2.06  -2.79   0.02  -4.14   0.16  -5.50   1.34  -4.70   0.38

     Value-Weight Dollar Returns      All 4 Data Items Required
                -- BE/ME --   --- E/P ---   --- CE/P --   ------  Yld  -----
          Mkt   High    Low   High    Low   High    Low   High    Low   Zero
199401 -15.41 -14.87 -14.35 -15.15 -20.13 -15.29 -19.83 -16.64 -15.75 -10.53
199402   5.72  14.28   1.20  11.18  16.76   6.78  15.73  11.69   3.21  19.31
199403 -15.40 -22.60 -12.11 -13.56 -23.57 -11.67 -23.53 -13.07 -17.58 -17.13
199404   9.98  11.03   9.41  11.76   8.37  12.91   8.93   9.23   9.74  -2.78
199405  -3.52  -5.51  -2.82  -1.85 -10.89  -1.81  -9.77  -2.31  -5.28  -5.95
199406   1.51   0.53   1.82  -1.67   2.11  -1.04   1.75  -0.17   2.36   0.42
199407   2.94   7.63   1.22   4.76   8.31   3.75   8.28   3.68   0.69   4.38
199408  12.43  14.41  11.09   9.93  18.35  13.10  17.61  11.76  12.12  19.74
199409  -0.93   1.87  -2.09   2.08   5.38   0.22   4.69  -0.53  -0.33  -2.51
199410  -1.53  -2.92  -0.54  -0.28  -6.72  -1.07  -5.94  -1.73  -2.93  -7.33
199411  -8.99  -7.77 -10.71  -4.42  -9.08  -4.05  -9.16  -3.36 -13.82 -12.31
199412  -3.51  -3.73  -3.92  -2.31  -5.68  -2.03  -4.99  -1.59  -4.77  -6.76
199501 -10.90 -14.20  -8.59 -10.84 -15.63  -6.62 -16.31  -9.76 -12.22 -15.74
199502  13.98  17.02  11.14  12.06  19.78   8.83  23.06  11.69  21.95  26.01
199503   0.36   1.59  -0.50   1.78  -1.99   0.82  -1.55   1.76   1.70 -10.99
199504  -1.33  -2.82  -2.16   2.20  -7.02   1.43  -6.12  -0.05  -5.41  -7.54
199505  10.23  10.65  13.94   3.57  12.33   5.05  12.05  10.05  12.13  19.28
199506  -1.52   0.29  -2.84   1.27  -4.14  -0.16  -3.41   0.41  -3.68  -9.39
199507   0.95   3.70   0.32   0.34   2.29  -0.73   4.45   2.09   4.35  -0.23
199508  -5.45  -5.26  -5.88  -4.70  -5.97  -4.43  -5.83  -4.14  -7.44  -5.62
199509  -1.49  -3.90  -1.28  -1.69  -1.64   1.88  -2.53  -1.18  -5.66   5.23
199510  -5.53  -7.62  -3.91  -3.53  -9.36  -3.85  -9.25  -4.23  -7.24  -8.87
199511   0.74  -0.82   0.75  -0.44   0.38   1.11   0.73   0.54  -0.72   5.92
199512   4.50   5.80   3.63   4.88   5.94   5.78   3.97   5.76   1.57   4.97
199601   4.18   5.24   5.42   4.39   4.49   5.98   4.85   1.38   4.81   5.87
199602   3.47   1.42   3.99   2.69   2.61   2.12   3.20   2.70   4.05   2.65
199603   6.63   4.14   8.13   9.69   3.07   5.76   3.18   7.44   5.64   7.08
199604   4.46   9.50   2.77   7.57   6.39   9.69   5.32   6.63   3.18  -0.75
199605  -3.71  -7.01  -3.15  -4.81  -4.72  -4.20  -4.77  -4.34  -2.97  -4.95
199606  -0.15  -0.52  -0.53   1.64   0.66   1.01  -0.69   1.35  -1.26   0.65
199607  -5.74  -3.94  -7.90  -4.51  -5.80  -3.17  -8.20  -2.68  -6.82 -12.08
199608   4.53   3.93   7.21   5.34   5.28   5.03   7.10   7.74   2.77  -2.18
199609   0.53  -1.05   0.57  -0.51   2.13  -1.34   2.42  -0.75   1.00  -4.60
199610   2.31   0.74   0.22   0.17   1.14   3.06   0.25   2.75   3.17  -5.54
199611   3.41   2.62   0.74   2.36   6.36   1.25   2.18   2.95   5.74  -4.04
199612  -0.37  -0.81  -1.36  -0.18  -1.10  -0.15  -3.12   1.78  -0.03  -4.24
199701  -0.29   3.95  -3.81   3.09   0.65   2.58   1.35   0.79  -1.38   7.18
199702   3.58   8.81   1.96   6.51   3.18   6.63   3.23   4.18   3.09   8.06
199703  -4.62  -7.15  -4.63  -3.57  -4.65  -3.29  -4.89  -6.30  -4.49  -8.84
199704 -11.18 -11.13 -11.07 -10.69 -10.83 -10.61 -12.44  -7.38 -12.83 -10.67
199705   1.34  -0.99   2.53  -1.10   1.61  -0.63   1.29   2.65   2.22   5.34
199706  -2.86   0.62  -4.75  -2.41  -1.05  -0.01  -1.88  -0.22  -3.18  -9.99
199707  -9.43  -6.50  -8.46  -7.61 -10.30  -6.49  -9.29  -3.48 -13.49  -9.18
199708 -27.29 -27.14 -27.50 -34.14 -28.96 -30.28 -28.74 -23.28 -28.08 -31.46
199709  -3.31  -4.97  -2.25  -0.46  -9.76  -0.94  -9.34   0.79  -5.54  14.08
199710 -17.64 -20.31 -16.03 -20.05 -22.15 -19.08 -21.10 -11.47 -19.05 -13.65
199711 -20.16 -23.52 -19.38 -23.75 -27.14 -22.87 -27.81 -11.14 -22.54 -50.37
199712  -0.96 -11.39   3.67 -18.14  -2.72 -16.82  -1.14 -10.85  11.26 -32.59
199801  -8.29  -0.68  -6.29 -20.25  -7.86 -10.30  -7.14  -6.29  -9.57 -59.91
199802  40.15  91.31  28.62 107.34  28.84  87.82  29.10  50.51  37.78 165.48
199803  -1.23  -8.43  -0.76  -6.54  -0.50  -2.48  -0.36  -8.54  -0.57 -16.27
199804 -12.34 -30.45  -9.40 -20.33  -9.13 -20.43  -8.57 -17.76 -11.82 -21.56
199805 -16.40 -23.06 -16.40 -22.25 -16.24 -24.11 -16.79 -15.45 -18.62 -31.10
199806 -20.92 -24.13 -21.09 -21.42 -19.51 -19.05 -21.32 -15.67 -23.85 -21.29
199807  -5.67 -10.48  -3.63  -8.28  -4.10  -6.46  -2.14  -6.07  -5.60 -45.90
199808 -27.72 -17.83 -27.95 -26.26 -29.56 -30.68 -28.40 -28.61 -26.38 -10.03
199809  -9.79   8.28 -14.30  10.73 -14.10   0.57 -15.19  -4.40 -10.19 111.80
199810   6.98  10.38   6.00   7.53   6.47   8.33   5.97   8.89   7.47  20.46
199811  22.37  37.48  19.05  34.77  17.65  39.04  18.38  26.99  19.26  10.25
199812  11.49  -4.97  16.80   5.76  17.36   2.22  16.30  10.79  16.88 -25.86
199901   3.67   8.98  -0.34  11.35  -0.93  12.29   5.53   3.24  -0.42  23.47
199902  -8.24 -14.28  -7.68 -10.03  -8.77 -10.09  -7.36  -5.85  -9.85 -17.06
199903   5.93  -5.48   7.19   5.16   4.80   7.33   5.62   7.65   5.83  -7.75
199904  28.59  44.79  29.48  33.92  38.99  35.18  21.82  23.53  40.05  57.45
199905  10.21  11.08   9.02  12.91  14.20  12.19   5.84   5.13  13.05  44.71
199906  21.43  53.09  18.73  23.70  25.36  26.22  17.30  20.79  24.50  29.83
199907  -7.21   5.72  -8.58  -7.03  -8.48  -5.62  -3.69  -6.73 -10.61  19.45
199908  11.66  13.37  10.22  13.62   8.23  13.35  12.43  13.42   8.51  10.59
199909 -11.89 -17.32 -11.59 -12.22 -14.56 -11.81 -11.49 -12.35 -13.94 -16.15
199910  10.89   6.23  11.98  13.36  14.51  15.40   7.34   8.73  14.71   0.43
199911  -0.11  -4.76   1.47  -2.11   0.52  -0.43  -0.84   0.55   1.17  -9.64
199912  11.48  11.47  14.52   9.55  13.81  12.88   7.31   9.73  14.50   0.02
200001  10.46   2.90  10.87   1.12  14.94   5.21  13.97   4.26  15.05  19.14
200002   5.51   8.88   5.04   2.83   7.64   4.66   7.09   0.77   8.80  21.44
200003  -0.33  -0.42  -1.01   0.15  -0.78   1.06  -1.29   1.43  -0.37  -0.78
200004  -7.58  -0.92 -11.46   0.17  -9.16  -3.19 -12.00  -0.39 -10.63  -8.31
200005   2.49  -1.18   1.98   1.31   4.28   0.72   1.82   6.25   4.25   1.12
200006  -7.46  -4.54  -6.40  -4.11  -9.59  -5.41  -9.11  -4.05  -9.29 -18.00
200007  -4.25  -2.00  -8.34  -0.20  -4.98   1.03  -9.12  -3.08  -3.26  -1.59
200008  -1.71   1.20  -2.13  -1.17  -4.00   0.04  -4.62   0.43  -3.74   1.77
200009  -9.73  -8.61  -9.99  -3.73 -11.68  -7.34 -11.64  -2.89 -12.49 -21.55
200010   6.15  -0.38   7.62   5.65   7.80   6.75   7.33   4.11   8.43  -3.16
200011  -0.65  -5.27   0.75  -2.66   1.22  -3.27  -0.07  -0.22   2.49 -18.32
200012  -6.34  -9.93  -7.75  -5.50  -8.25  -6.70  -8.30  -4.01 -10.10 -17.38
200101   7.89  12.20   7.40   9.28   8.27  10.48   7.69   3.46   7.54  28.53
200102  -2.66  -6.87  -2.03  -3.91  -1.48  -4.67  -1.66  -1.74  -1.90 -16.97
200103  -7.07  -9.31  -6.82  -9.55  -7.53 -10.31  -7.40  -3.86  -6.58 -18.46
200104  -8.42   5.06 -12.12  -2.25 -12.59  -4.03 -12.73  -3.11 -14.93   4.71
200105  -1.98   3.58  -4.77   2.08  -6.60   2.82  -6.10   2.41  -8.35   3.52
200106   2.58   5.71   2.51   2.20   3.17   0.09   3.24   3.88   5.73  -5.53
200107  10.53  12.92   9.79  19.43  11.85  19.00  11.38   5.95  15.49  24.33
200108   3.94   0.29   4.23   3.92   4.80   4.37   5.13   2.21   5.23  -1.05
200109  -8.66 -14.39  -7.58 -12.23  -8.93 -12.87  -8.28  -7.29  -9.92 -24.24
200110  -2.75   1.90  -3.93   0.60  -5.67   0.91  -5.49   0.93  -6.48   7.80

     Value-Weight Local  Returns      All 4 Data Items Required
                -- BE/ME --   --- E/P ---   --- CE/P --   ------  Yld  -----
          Mkt   High    Low   High    Low   High    Low   High    Low   Zero
199401 -13.03 -12.47 -11.93 -12.76 -17.88 -12.90 -17.56 -14.29 -13.37  -8.00
199402   4.12  12.55  -0.33   9.49  14.99   5.16  13.97  10.00   1.64  17.50
199403 -17.08 -24.14 -13.85 -15.27 -25.08 -13.42 -25.05 -14.79 -19.21 -18.77
199404  10.18  11.24   9.61  11.97   8.57  13.12   9.13   9.44   9.95  -2.60
199405  -7.08  -9.00  -6.42  -5.48 -14.19  -5.44 -13.10  -5.92  -8.78  -9.42
199406   2.49   1.51   2.81  -0.71   3.10  -0.08   2.74   0.80   3.36   1.39
199407   2.34   7.01   0.64   4.16   7.68   3.15   7.66   3.08   0.11   3.78
199408  10.61  12.56   9.29   8.14  16.43  11.26  15.71   9.94  10.30  17.80
199409  -0.42   2.39  -1.59   2.60   5.92   0.73   5.22  -0.02   0.18  -2.01
199410  -1.53  -2.92  -0.54  -0.28  -6.72  -1.07  -5.94  -1.73  -2.93  -7.33
199411  -8.99  -7.77 -10.71  -4.42  -9.08  -4.05  -9.16  -3.36 -13.82 -12.31
199412  -3.89  -4.11  -4.29  -2.69  -6.04  -2.41  -5.36  -1.98  -5.14  -7.13
199501 -10.55 -13.87  -8.23 -10.49 -15.30  -6.26 -15.99  -9.41 -11.88 -15.41
199502  13.54  16.56  10.71  11.62  19.31   8.40  22.58  11.26  21.47  25.51
199503  -0.43   0.80  -1.28   0.98  -2.76   0.03  -2.32   0.96   0.90 -11.69
199504  -3.63  -5.09  -4.44  -0.18  -9.19  -0.94  -8.31  -2.38  -7.62  -9.69
199505  10.00  10.42  13.71   3.36  12.11   4.83  11.83   9.83  11.91  19.04
199506  -2.64  -0.85  -3.94   0.12  -5.23  -1.30  -4.51  -0.73  -4.78 -10.42
199507   1.74   4.51   1.10   1.12   3.09   0.04   5.27   2.89   5.16   0.55
199508  -4.02  -3.83  -4.46  -3.26  -4.55  -2.99  -4.41  -2.70  -6.05  -4.20
199509  -0.66  -3.09  -0.44  -0.86  -0.81   2.73  -1.71  -0.35  -4.86   6.11
199510  -4.55  -6.67  -2.91  -2.53  -8.42  -2.86  -8.31  -3.24  -6.28  -7.93
199511   0.58  -0.98   0.59  -0.60   0.22   0.95   0.57   0.38  -0.88   5.75
199512   4.67   5.97   3.79   5.04   6.10   5.95   4.14   5.92   1.73   5.13
199601   4.95   6.02   6.21   5.17   5.27   6.78   5.63   2.14   5.60   6.66
199602   2.99   0.94   3.50   2.21   2.13   1.64   2.72   2.22   3.56   2.17
199603   6.05   3.57   7.54   9.09   2.51   5.17   2.61   6.85   5.06   6.49
199604   2.77   7.73   1.10   5.83   4.67   7.92   3.62   4.91   1.51  -2.36
199605  -3.52  -6.82  -2.96  -4.62  -4.53  -4.01  -4.58  -4.15  -2.77  -4.76
199606  -0.27  -0.64  -0.65   1.52   0.54   0.89  -0.81   1.23  -1.38   0.53
199607  -5.74  -3.94  -7.90  -4.51  -5.80  -3.17  -8.20  -2.68  -6.82 -12.08
199608   4.48   3.89   7.17   5.30   5.23   4.99   7.06   7.70   2.73  -2.21
199609   1.01  -0.57   1.06  -0.04   2.63  -0.87   2.92  -0.27   1.49  -4.14
199610   3.16   1.58   1.06   1.01   1.99   3.92   1.09   3.61   4.03  -4.75
199611   3.41   2.62   0.74   2.36   6.36   1.25   2.18   2.95   5.74  -4.04
199612  -0.41  -0.85  -1.40  -0.22  -1.13  -0.19  -3.16   1.74  -0.07  -4.28
199701  -1.87   2.31  -5.33   1.46  -0.94   0.96  -0.25  -0.81  -2.94   5.48
199702   3.41   8.64   1.80   6.34   3.01   6.46   3.07   4.01   2.92   7.89
199703  -4.81  -7.33  -4.82  -3.76  -4.84  -3.49  -5.09  -6.48  -4.69  -9.03
199704 -10.10 -10.05  -9.99  -9.61  -9.75  -9.53 -11.38  -6.26 -11.77  -9.59
199705   1.46  -0.87   2.65  -0.98   1.73  -0.51   1.42   2.77   2.34   5.46
199706  -2.40   1.10  -4.29  -1.94  -0.57   0.47  -1.41   0.26  -2.72  -9.56
199707  -5.34  -2.27  -4.32  -3.44  -6.25  -2.26  -5.19   0.88  -9.58  -5.07
199708 -19.73 -19.57 -19.96 -27.30 -21.57 -23.03 -21.33 -15.31 -20.60 -24.33
199709   7.82   5.97   9.01  11.00   0.62  10.46   1.10  12.40   5.34  27.21
199710 -15.22 -17.98 -13.57 -17.71 -19.88 -16.71 -18.79  -8.87 -16.69 -11.12
199711 -16.55 -20.06 -15.73 -20.30 -23.84 -19.38 -24.55  -7.12 -19.04 -48.13
199712  10.36  -1.27  15.51  -8.78   8.40  -7.32  10.16  -0.66  23.98 -24.88
199801  -1.43   6.75   0.72 -14.28  -0.96  -3.59  -0.19   0.72  -2.80 -56.91
199802  23.18  68.15  13.06  82.25  13.25  65.09  13.48  32.29  21.10 133.35
199803  -2.17  -9.30  -1.70  -7.43  -1.45  -3.40  -1.31  -9.41  -1.52 -17.07
199804  -9.93 -28.54  -6.91 -18.14  -6.63 -18.25  -6.06 -15.50  -9.39 -19.41
199805 -14.17 -21.00 -14.16 -20.17 -14.00 -22.08 -14.56 -13.19 -16.44 -29.26
199806 -14.53 -18.00 -14.72 -15.08 -13.01 -12.52 -14.97  -8.87 -17.71 -14.93
199807  -6.35 -11.13  -4.33  -8.94  -4.80  -7.14  -2.85  -6.75  -6.29 -46.29
199808 -26.49 -16.43 -26.73 -25.01 -28.36 -29.50 -27.18 -27.40 -25.13  -8.50
199809  16.91  40.33  11.07  43.50  11.32  30.33   9.91  23.89  16.40 174.48
199810   6.98  10.38   6.00   7.53   6.47   8.33   5.97   8.89   7.47  20.46
199811  22.37  37.48  19.05  34.77  17.65  39.04  18.38  26.99  19.26  10.25
199812  11.49  -4.97  16.80   5.76  17.36   2.22  16.30  10.79  16.88 -25.86
199901   3.67   8.98  -0.34  11.35  -0.93  12.29   5.53   3.24  -0.42  23.47
199902  -8.24 -14.28  -7.68 -10.03  -8.77 -10.09  -7.36  -5.85  -9.85 -17.06
199903  -7.33 -17.32  -6.24  -8.01  -8.33  -6.11  -7.60  -5.83  -7.42 -19.30
199904  28.59  44.79  29.48  33.92  38.99  35.18  21.82  23.53  40.05  57.45
199905  10.21  11.08   9.02  12.91  14.20  12.19   5.84   5.13  13.05  44.71
199906   7.88  36.01   5.48   9.89  11.38  12.14   4.21   7.31  10.60  15.34
199907  -7.21   5.72  -8.58  -7.03  -8.48  -5.62  -3.69  -6.73 -10.61  19.45
199908   0.55   2.09  -0.75   2.31  -2.54   2.07   1.24   2.13  -2.29  -0.42
199909 -11.89 -17.32 -11.59 -12.22 -14.56 -11.81 -11.49 -12.35 -13.94 -16.15
199910  10.89   6.23  11.98  13.36  14.51  15.40   7.34   8.73  14.71   0.43
199911  -0.11  -4.76   1.47  -2.11   0.52  -0.43  -0.84   0.55   1.17  -9.64
199912  11.48  11.47  14.52   9.55  13.81  12.88   7.31   9.73  14.50   0.02
200001  10.46   2.90  10.87   1.12  14.94   5.21  13.97   4.26  15.05  19.14
200002   5.51   8.88   5.04   2.83   7.64   4.66   7.09   0.77   8.80  21.44
200003  -0.33  -0.42  -1.01   0.15  -0.78   1.06  -1.29   1.43  -0.37  -0.78
200004  -7.58  -0.92 -11.46   0.17  -9.16  -3.19 -12.00  -0.39 -10.63  -8.31
200005   2.49  -1.18   1.98   1.31   4.28   0.72   1.82   6.25   4.25   1.12
200006  -7.46  -4.54  -6.40  -4.11  -9.59  -5.41  -9.11  -4.05  -9.29 -18.00
200007  -4.25  -2.00  -8.34  -0.20  -4.98   1.03  -9.12  -3.08  -3.26  -1.59
200008  -1.71   1.20  -2.13  -1.17  -4.00   0.04  -4.62   0.43  -3.74   1.77
200009  -9.73  -8.61  -9.99  -3.73 -11.68  -7.34 -11.64  -2.89 -12.49 -21.55
200010   6.15  -0.38   7.62   5.65   7.80   6.75   7.33   4.11   8.43  -3.16
200011  -0.65  -5.27   0.75  -2.66   1.22  -3.27  -0.07  -0.22   2.49 -18.32
200012  -6.34  -9.93  -7.75  -5.50  -8.25  -6.70  -8.30  -4.01 -10.10 -17.38
200101   7.89  12.20   7.40   9.28   8.27  10.48   7.69   3.46   7.54  28.53
200102  -2.66  -6.87  -2.03  -3.91  -1.48  -4.67  -1.66  -1.74  -1.90 -16.97
200103  -7.07  -9.31  -6.82  -9.55  -7.53 -10.31  -7.40  -3.86  -6.58 -18.46
200104  -8.42   5.06 -12.12  -2.25 -12.59  -4.03 -12.73  -3.11 -14.93   4.71
200105  -1.98   3.58  -4.77   2.08  -6.60   2.82  -6.10   2.41  -8.35   3.52
200106   2.58   5.71   2.51   2.20   3.17   0.09   3.24   3.88   5.73  -5.53
200107  10.53  12.92   9.79  19.43  11.85  19.00  11.38   5.95  15.49  24.33
200108   3.94   0.29   4.23   3.92   4.80   4.37   5.13   2.21   5.23  -1.05
200109  -8.66 -14.39  -7.58 -12.23  -8.93 -12.87  -8.28  -7.29  -9.92 -24.24
200110  -2.75   1.90  -3.93   0.60  -5.67   0.91  -5.49   0.93  -6.48   7.80

     Value-Weight Dollar Returns      All 4 Data Items Not Reqd
              -- BE/ME --   --- E/P ---   --- CE/P --   ------  Yld  -----
        Mkt   High    Low   High    Low   High    Low   High    Low   Zero
1994 -18.64 -11.86 -16.61  -5.59 -27.40  -3.31 -23.72  -8.30 -30.69 -31.06
1995   5.05   1.71   5.61   6.21 -10.84   8.30  -6.14  10.67  -2.92  -4.04
1996  24.42  15.26  23.47  33.68  26.27  27.02  10.97  32.50  22.86  -6.04
1997 -67.19 -67.51 -70.16 -73.47 -71.11 -69.46 -76.55 -53.79 -69.45 -84.05
1998 -30.61  -0.38 -34.58 -12.09 -39.11 -19.49 -36.77 -16.20 -32.52 -54.39
1999 102.98 130.31  99.36 134.36 135.25 151.84  80.83  87.92 105.31 132.17
2000 -17.84 -28.94 -14.02  -7.74 -12.94  -5.81 -25.89  -7.02 -13.07 -47.18
2001  -9.56  -9.35 -13.75   3.08 -17.13  -0.97 -15.84   2.85 -20.00  -9.65

     Value-Weight Local  Returns      All 4 Data Items Not Reqd
              -- BE/ME --   --- E/P ---   --- CE/P --   ------  Yld  -----
        Mkt   High    Low   High    Low   High    Low   High    Low   Zero
1994 -22.96 -16.54 -21.04 -10.60 -31.26  -8.45 -27.77 -13.17 -34.37 -34.72
1995   4.68   1.35   5.23   5.84 -11.16   7.92  -6.47  10.28  -3.26  -4.38
1996  23.68  14.58  22.74  32.89  25.53  26.27  10.31  31.72  22.13  -6.60
1997 -49.48 -49.96 -54.05 -59.15 -55.52 -52.96 -63.89 -28.84 -52.95 -75.44
1998  -3.14  39.06  -8.68  22.71 -15.00  12.38 -11.73  16.98  -5.80 -36.33
1999  42.05  61.17  39.52  64.01  64.63  76.24  26.55  31.51  43.68  62.48
2000 -17.84 -28.94 -14.02  -7.74 -12.94  -5.81 -25.89  -7.02 -13.07 -47.18
2001  -9.56  -9.35 -13.75   3.08 -17.13  -0.97 -15.84   2.85 -20.00  -9.65

     Value-Weight Dollar Returns      All 4 Data Items Required
              -- BE/ME --   --- E/P ---   --- CE/P --   ------  Yld  -----
        Mkt   High    Low   High    Low   High    Low   High    Low   Zero
1994 -19.15 -14.04 -22.51  -3.74 -24.04  -4.16 -23.17  -7.24 -31.64 -25.00
1995   2.12   0.67   2.42   3.24  -9.57   8.30  -6.14  11.53  -5.23  -5.20
1996  20.52  14.10  16.05  25.35  21.50  27.02  11.10  29.53  20.10 -21.31
1997 -64.38 -67.54 -63.08 -72.47 -71.88 -68.54 -71.47 -51.49 -65.69 -81.74
1998 -34.03 -18.94 -37.40 -14.05 -38.37 -19.49 -38.10 -26.01 -36.72 -61.52
1999  95.15 141.66  91.33 121.75 108.45 153.36  70.79  82.09 107.51 190.81
2000 -14.41 -18.22 -21.28  -6.25 -15.25  -6.96 -26.13   1.93 -13.91 -43.92
2001  -8.11  10.28 -14.54   7.57 -16.33   3.54 -15.78   2.08 -16.32 -10.47

     Value-Weight Local  Returns      All 4 Data Items Required
              -- BE/ME --   --- E/P ---   --- CE/P --   ------  Yld  -----
        Mkt   High    Low   High    Low   High    Low   High    Low   Zero
1994 -23.44 -18.60 -26.63  -8.85 -28.07  -9.25 -27.25 -12.17 -35.27 -28.98
1995   1.76   0.32   2.06   2.88  -9.88   7.92  -6.47  11.13  -5.56  -5.53
1996  19.81  13.42  15.37  24.61  20.79  26.27  10.44  28.77  19.40 -21.77
1997 -45.15 -50.01 -43.14 -57.61 -56.70 -51.55 -56.07 -25.29 -47.17 -71.88
1998  -7.92  13.15 -12.61  19.98 -13.97  12.38 -13.59   3.28 -11.67 -46.29
1999  36.57  69.12  33.90  55.18  45.87  77.30  19.52  27.43  45.22 103.51
2000 -14.41 -18.22 -21.28  -6.25 -15.25  -6.96 -26.13   1.93 -13.91 -43.92
2001  -8.11  10.28 -14.54   7.57 -16.33   3.54 -15.78   2.08 -16.32 -10.47


Average of Annual Value-Weight Averages
(Annual Sum of Num / Annual Sum of Den)
All 4 Data Items Not Reqd
Ratios x 100   Firms is number in B/M

     Firms    B/M    E/P   CE/P    Yld
1994   105  19.84   2.88   3.56   0.77
1995   105  29.14   4.01   5.60   1.12
1996   111  31.72   4.38   6.22   1.20
1997   110  29.25   4.09   5.81   1.07
1998   111  74.14  10.57  12.27   2.46
1999   111  79.94   7.53  12.75   1.93
2000   118  52.46   5.19   8.82   1.24
2001   118  67.23   7.56  12.30   1.95


Average of Annual Value-Weight Averages
(Annual Sum of Num / Annual Sum of Den)
All 4 Data Items Required
Ratios x 100

     Firms    B/M    E/P   CE/P    Yld
1994    83  20.15   3.02   3.50   0.80
1995    83  30.46   3.92   5.60   1.18
1996    87  32.67   4.25   6.22   1.26
1997    84  30.16   4.02   5.85   1.11
1998    82  67.52   9.55  13.50   2.50
1999    53  66.41   8.46  12.54   2.46
2000    70  45.86   5.37   8.56   1.50
2001    81  62.21   7.58  12.01   2.23

Copyright 2015 Kenneth R. French
